000000013451
000000013680
000000013666
000000013642
000000013673
000000013628
000000013727
000000013642
000000013536
000000013598
000000013604
000000013932
000000013918
000000013598
000000013611
000000013444
000000013550
000000013543
000000013581
000000013574
000000013949
000000013567
000000013536
000000013505
000000013413
000000013802
000000014007
000000013611
000000014014
000000014038
000000013772
000000013512
000000013765
000000013970
000000013437
000000013741
000000013499
000000013871
000000013819
000000013987
000000013314
000000013383
000000013529
000000013710
000000013406
000000013895
000000013475
000000013420
000000013468
000000012690
000000012379
000000013482
000000013390
000000013659
000000013321
000000013482
000000014250
000000014243
000000014274
000000014304
000000014335
000000014168
000000014298
000000014366
000000014403
000000014373
000000014427
000000014410
000000014458
000000013864
000000014489
000000013857
000000014519
000000014526
000000014533
000000014540
000000014557
000000014588
000000015035
000000014632
000000013888
000000014649
000000013789
000000014748
000000013796
000000014755
000000014762
000000014809
000000014847
000000014939
000000013833
000000014892
000000015240
000000015264
